0000000000000000000000000000000000000000000000000000000000000000000000000000000000000000000000000000
0000000000000000000000000000000000000000000000000000000000000000000000000000000000000000000000000000
0000000000000000000000000000000000000000000000000000000000000000000000000000000000000000000000000000
0000000000000000000000000000000000000000000000000000000000000000000000000000000000000000000000000000
0000000000000000000000000000000000000000000000000000000000000000000000000000000000000000000000000000
0000000000000000000000000000000000000000000000000000000000000000000000000000000000000000000000000000
0000000000000000000000000000000000000000000000000000000000000000000000000000000000000000000000000000
0000000000000000000000000000000000000000000000000000000000000000000000000000000000000000000000000000
0000000000000000000000000000000000000000000000000000000000000000000000000000000000000000000000000000
0000000000000000000000000000000000000000000000000000000000000000000000000000000000000000000000000000
0000000000000000000000000000000000000000000000000000000000000000000000000000000000000000000000000000
0000000000000000000000000000000000000000000000000000000000000000000000000000000000000000000000000000
0000000000000000000000000000000000000000000000000000000000000000000000000000000000000000000000000000
0000000000000000000000000000000000000000000000000000000000000000000000000000000000000000000000000000
0000000000000000000000000000000000000000000000000000000000000000000000000000000000000000000000000000
0000000000000000000000000000000000000000000000000000000000000000000000000000000000000000000000000000
0000000000000000000000000000000000000000000000000000000000000000000000000000000000000000000000000000
0000000000000000000000000000000000000000000000000000000000000000000000000000000000000000000000000000
0000000000000000000000000000000000000000000000000000000000000000000000000000000000000000000000000000
0000000000000000000000000000000000000000000000000000000000000000000000000000000000000000000000000000
0000000000000000000000000000000000000000000000000000000000000000000000000000000000000000000000000000
0000000000000000000000000000000000000000000000000000000000000000000000000000000000000000000000000000
0000000000000000000000000000000000000000000000000000000000000000000000000000000000000000000000000000
0000000000000000000000000000000000000000000000000000000000000000000000000000000000000000000000000000
0000000000000000000000000000000000000000000000000000000000000000000000000000000000000000000000000000
0000000000000000000011001010010110001000101011000001100010010000001100110000011010100000000000000000
0000000000000000000010100110110010100101011100000101101010000011100010101001100010010000000000000000
0000000000000000000000110010101010011101000000111001001010111001011010010110011000100000000000000000
0000000000000000000001101000010010011001100000100101110011000110001011100100100010010000000000000000
0000000000000000000010001010101100001101001001111000010101010000110001000111010100110000000000000000
0000000000000000000001011011000101010000110011000101001010101110001010111001001101010000000000000000
0000000000000000000000100110001101101001010101011110010110011001110000011100110100001000000000000000
0000000000000000000010000101110110001010101100011000101011101010001101001000101010110000000000000000
0000000000000000000001101001010011010100111000100101010011010011100010100101100111001000000000000000
0000000000000000000010100111001000101001001101101010111000101100010100110100001010010000000000000000
0000000000000000000001010001101011001101000010100110000111010001011011001011010110001000000000000000
0000000000000000000011001010100100111000101101011001001000110110100101011010101001100000000000000000
0000000000000000000000101101001011000101010000101011110101001010010010100111010000101000000000000000
0000000000000000000010110010110100101110011101000100001100101101001011000101011011010000000000000000
0000000000000000000001000101000011011001100010111011010010010000110100111010100100101000000000000000
0000000000000000000010101110011100100010101001000110101001101011001011000101011010000000000000000000
0000000000000000000001100101010001011101010110101000010110010100110000101110100101011000000000000000
0000000000000000000010011010101110000110001001010111001001101001001101010001011010100000000000000000
0000000000000000000000100111000101101001110100111000110110000110101010101010100111001000000000000000
0000000000000000000011001000111010010100101011000101001001011001010111011001001000110000000000000000
0000000000000000000001011101100101101011010000111010100110100110101000100110110101001000000000000000
0000000000000000000010100010011010010100111101010101011001011001000101001001001010010000000000000000
0000000000000000000001101001101001101011000110101010000101100100111010110100110111101000000000000000
0000000000000000000000010110010110000100101001011001101010001011000101001011001000010000000000000000
0000000000000000000011001001101001011011010110100110010111010100101110100100110101001000000000000000
0000000000000000000010110100010110100100101001001001101000101011010001011011001010110000000000000000
0000000000000000000001001011101001011011000110110100010101110000101010100100110111000000000000000000
0000000000000000000010100100010110100101011001001011101010001101010101011011001000101000000000000000
0000000000000000000001011011001001001010100110110100100111010010101010100100101011010000000000000000
0000000000000000000000100100110110110001011001001001011000101101000101111001010100101000000000000000
0000000000000000000011011001001001001110100110100110100101010010111000010110101011000000000000000000
0000000000000000000010000110110100110101001001011001011010111001010011001001010100111000000000000000
0000000000000000000001101001000011001010110110100110100101000110101100110110101011000000000000000000
0000000000000000000010010110011100110111001001011001001010101001010001001001010100101000000000000000
0000000000000000000001101000100101001000110110100010110101010110101010110100111011010000000000000000
0000000000000000000000010111011010100101001001011101001010101001010101001011000100101000000000000000
0000000000000000000011001100100101111010110100100010110111010010101010100100101011000000000000000000
0000000000000000000010110001011010010101001011011101001000101101010001011011010100111000000000000000
0000000000000000000001001010100111001010110100100110110101010010101110100100101101000000000000000000
0000000000000000000010100101011000110101001011011001001010101101010001011011000110101000000000000000
0000000000000000000001011010100101101010110100100110100111010010101010100101011001010000000000000000
0000000000000000000000100101011010010101001011011001011000101001010101011010100110101000000000000000
0000000000000000000011011010100101101010110100110010100101010110101010100101001001000000000000000000
0000000000000000000010000101111010010101001011001101011010101001010101011010110100111000000000000000
0000000000000000000001101010000101101010110100110010100101010110101010100101001011000000000000000000
0000000000000000000010010111011010010101001011011001011010101001010101011010100100101000000000000000
0000000000000000000001101000100101101010110100100110100101010110101010100101011011010000000000000000
0000000000000000000000010101011010010101001011011001011010101001010101011010100110101000000000000000
0000000000000000000011001010100101101010110100110010100101010110101010100101001001000000000000000000
0000000000000000000010110101011010010101001011001101011010101001010101011010110100010000000000000000
0000000000000000000000000000000000000000000000000000000000000000000000000000000000000000000000000000
0000000000000000000000000000000000000000000000000000000000000000000000000000000000000000000000000000
0000000000000000000000000000000000000000000000000000000000000000000000000000000000000000000000000000
0000000000000000000000000000000000000000000000000000000000000000000000000000000000000000000000000000
0000000000000000000000000000000000000000000000000000000000000000000000000000000000000000000000000000
0000000000000000000000000000000000000000000000000000000000000000000000000000000000000000000000000000
0000000000000000000000000000000000000000000000000000000000000000000000000000000000000000000000000000
0000000000000000000000000000000000000000000000000000000000000000000000000000000000000000000000000000
0000000000000000000000000000000000000000000000000000000000000000000000000000000000000000000000000000
0000000000000000000000000000000000000000000000000000000000000000000000000000000000000000000000000000
0000000000000000000000000000000000000000000000000000000000000000000000000000000000000000000000000000
0000000000000000000000000000000000000000000000000000000000000000000000000000000000000000000000000000
0000000000000000000000000000000000000000000000000000000000000000000000000000000000000000000000000000
0000000000000000000000000000000000000000000000000000000000000000000000000000000000000000000000000000
0000000000000000000000000000000000000000000000000000000000000000000000000000000000000000000000000000
0000000000000000000000000000000000000000000000000000000000000000000000000000000000000000000000000000
0000000000000000000000000000000000000000000000000000000000000000000000000000000000000000000000000000
0000000000000000000000000000000000000000000000000000000000000000000000000000000000000000000000000000
0000000000000000000000000000000000000000000000000000000000000000000000000000000000000000000000000000
0000000000000000000000000000000000000000000000000000000000000000000000000000000000000000000000000000
0000000000000000000000000000000000000000000000000000000000000000000000000000000000000000000000000000
0000000000000000000000000000000000000000000000000000000000000000000000000000000000000000000000000000
0000000000000000000000000000000000000000000000000000000000000000000000000000000000000000000000000000
0000000000000000000000000000000000000000000000000000000000000000000000000000000000000000000000000000
0000000000000000000000000000000000000000000000000000000000000000000000000000000000000000000000000000
0000000000000000000000000000000000000000000000000000000000000000000000000000000000000000000000000000
0000000000000000000000000000000000000000000000000000000000000000000000000000000000000000000000000000
0000000000000000000000000000000000000000000000000000000000000000000000000000000000000000000000000000
0000000000000000000000000000000000000000000000000000000000000000000000000000000000000000000000000000
0000000000000000000000000000000000000000000000000000000000000000000000000000000000000000000000000000
0000000000000000000000000000000000000000000000000000000000000000000000000000000000000000000000000000
0000000000000000000000000000000000000000000000000000000000000000000000000000000000000000000000000000
0000000000000000000000000000000000000000000000000000000000000000000000000000000000000000000000000000
0000000000000000000000000000000000000000000000000000000000000000000000000000000000000000000000000000
0000000000000000000000000000000000000000000000000000000000000000000000000000000000000000000000000000
0000000000000000000000000000000000000000000000000000000000000000000000000000000000000000000000000000
0000000000000000000000000000000000000000000000000000000000000000000000000000000000000000000000000000
0000000000000000000000000000000000000000000000000000000000000000000000000000000000000000000000000000
0000000000000000000000000000000000000000000000000000000000000000000000000000000000000000000000000000
0000000000000000000000000000000000000000000000000000000000000000000000000000000000000000000000000000
0000000000000000000000000000000000000000000000000000000000000000000000000000000000000000000000000000
0000000000000000000000000000000000000000000000000000000000000000000000000000000000000000000000000000
0000000000000000000000000000000000000000000000000000000000000000000000000000000000000000000000000000
0000000000000000000000000000000000000000000000000000000000000000000000000000000000000000000000000000
0000000000000000000000000000000000000000000000000000000000000000000000000000000000000000000000000000
0000000000000000000000000000000000000000000000000000000000000000000000000000000000000000000000000000
0000000000000000000000000000000000000000000000000000000000000000000000000000000000000000000000000000
0000000000000000000000000000000000000000000000000000000000000000000000000000000000000000000000000000
0000000000000000000000000000000000000000000000000000000000000000000000000000000000000000000000000000